detector: 'orb'
intrinsics: 
  - [606.328369140625 0 322.6350402832031]
  - [0 605.257568359375 239.6647491455078]
  - [0 0 1]